
 etall    1, NO =    2, NV =    5, INA =   24
 *********************************************

     I   COEFFICIENT             ORDER   EXPONENTS
     1   0.4854566421585        1     1 0  0 0  0
  0.485456642158455     
     2    10.99984385377        1     0 1  0 0  0
   10.9998438537690     
     3   0.1470477268248E-01    1     0 0  1 0  0
  1.470477268248037E-002
     4   0.3188296741630        1     0 0  0 1  0
  0.318829674162958     
     5  -0.9963252801863E-01    1     0 0  0 0  1
 -9.963252801862880E-002
     6    57.96473366495        2     1 0  0 0  1
   57.9647336649532     
     7   -116.1891817088        2     0 1  0 0  1
  -116.189181708794     
     8    3.841766333412        2     0 0  1 0  1
   3.84176633341244     
     9   -42.28250284521        2     0 0  0 1  1
  -42.2825028452076     
    10    1.373300402377        2     0 0  0 0  2
   1.37330040237673     
                                      

 etall    1, NO =    2, NV =    5, INA =   27
 *********************************************

     I   COEFFICIENT             ORDER   EXPONENTS
     1  -0.7301283807390E-01    1     1 0  0 0  0
 -7.301283807389944E-002
     2   0.3941286352052        1     0 1  0 0  0
  0.394128635205244     
     3  -0.1061736906478E-01    1     0 0  1 0  0
 -1.061736906477877E-002
     4   0.1463936756078        1     0 0  0 1  0
  0.146393675607802     
     5  -0.6417887776975E-02    1     0 0  0 0  1
 -6.417887776974915E-003
     6    4.036719750338        2     1 0  0 0  1
   4.03671975033806     
     7    61.90905107526        2     0 1  0 0  1
   61.9090510752561     
     8   0.5500071730861        2     0 0  1 0  1
  0.550007173086097     
     9    3.314887875024        2     0 0  0 1  1
   3.31488787502433     
    10  -0.5626013129202        2     0 0  0 0  2
 -0.562601312920235     
                                      

 etall    1, NO =    2, NV =    5, INA =   28
 *********************************************

     I   COEFFICIENT             ORDER   EXPONENTS
     1  -0.8433127454713E-01    1     1 0  0 0  0
 -8.433127454713271E-002
     2   -1.873140007043        1     0 1  0 0  0
  -1.87314000704324     
     3   0.4864995769505        1     0 0  1 0  0
  0.486499576950451     
     4    9.303639754093        1     0 0  0 1  0
   9.30363975409323     
     5  -0.3231267679764E-02    1     0 0  0 0  1
 -3.231267679763522E-003
     6   -7.459265346481        2     1 0  0 0  1
  -7.45926534648096     
     7   -4.031369987666        2     0 1  0 0  1
  -4.03136998766607     
     8    46.25056227643        2     0 0  1 0  1
   46.2505622764316     
     9   -223.4671308879        2     0 0  0 1  1
  -223.467130887868     
    10  -0.9249936619951E-01    2     0 0  0 0  2
 -9.249936619951026E-002
                                      

 etall    1, NO =    2, NV =    5, INA =   29
 *********************************************

     I   COEFFICIENT             ORDER   EXPONENTS
     1   0.6562152055678E-02    1     1 0  0 0  0
  6.562152055678275E-003
     2   0.8008904813434E-01    1     0 1  0 0  0
  8.008904813433701E-002
     3  -0.8624462734608E-01    1     0 0  1 0  0
 -8.624462734607678E-002
     4   0.3948065887513        1     0 0  0 1  0
  0.394806588751255     
     5   0.4854602129298E-03    1     0 0  0 0  1
  4.854602129298289E-004
     6   0.1531369187837E-01    2     1 0  0 0  1
  1.531369187836502E-002
     7   -6.274466193357        2     0 1  0 0  1
  -6.27446619335692     
     8    2.431827533732        2     0 0  1 0  1
   2.43182753373216     
     9    48.61421001010        2     0 0  0 1  1
   48.6142100100964     
    10  -0.3461334889355E-02    2     0 0  0 0  2
 -3.461334889355022E-003
                                      

 etall    1, NO =    2, NV =    5, INA =   30
 *********************************************

     I   COEFFICIENT             ORDER   EXPONENTS
     1    1.000000000000        1     0 0  0 0  1
   1.00000000000000     
                                      

 etall    1, NO =    2, NV =    5, INA =   42
 *********************************************

     I   COEFFICIENT             ORDER   EXPONENTS
     1  -0.3996802888651E-14    0     0 0  0 0  0
 -3.996802888650564E-015
     2  -0.1040979529373E-01    1     1 0  0 0  0
 -1.040979529372897E-002
     3  -0.3197827692164E-01    1     0 1  0 0  0
 -3.197827692163827E-002
     4  -0.1194712190373E-02    1     0 0  1 0  0
 -1.194712190372737E-003
     5   0.1833163162403E-01    1     0 0  0 1  0
  1.833163162403077E-002
     6   -89.25643824550        1     0 0  0 0  1
  -89.2564382454966     
     7    3.119739769341        2     2 0  0 0  0
   3.11973976934145     
     8    22.12644633821        2     1 1  0 0  0
   22.1264463382080     
     9    369.4296004050        2     0 2  0 0  0
   369.429600404967     
    10   0.3892056091164E-01    2     1 0  1 0  0
  3.892056091163772E-002
    11   -3.723474051426        2     0 1  1 0  0
  -3.72347405142564     
    12    2.610411377965        2     0 0  2 0  0
   2.61041137796546     
    13   -4.111204195576        2     1 0  0 1  0
  -4.11120419557629     
    14   -20.03595772113        2     0 1  0 1  0
  -20.0359577211299     
    15    3.977768911151        2     0 0  1 1  0
   3.97776891115121     
    16  -0.3172964372603        2     1 0  0 0  1
 -0.317296437260309     
    17   -6.540170867209        2     0 1  0 0  1
  -6.54017086720867     
    18   0.5374607634210E-01    2     0 0  1 0  1
  5.374607634209818E-002
    19    273.8810840671        2     0 0  0 2  0
   273.881084067063     
    20  -0.1019641391787        2     0 0  0 1  1
 -0.101964139178737     
    21    231.3639587212        2     0 0  0 0  2
   231.363958721164     
                                      
