
 etall    1, NO =    2, NV =    5, INA =   24
 *********************************************

     I   COEFFICIENT             ORDER   EXPONENTS
     1   0.4740338677821        1     1 0  0 0  0
  0.474033867782053     
     2    11.26524099328        1     0 1  0 0  0
   11.2652409932802     
     3   0.1326560412451E-01    1     0 0  1 0  0
  1.326560412450950E-002
     4   0.3786750798502        1     0 0  0 1  0
  0.378675079850150     
     5  -0.1019202061294        1     0 0  0 0  1
 -0.101920206129370     
     6    58.03175371982        2     1 0  0 0  1
   58.0317537198245     
     7   -116.1214779752        2     0 1  0 0  1
  -116.121477975228     
     8    3.549945510230        2     0 0  1 0  1
   3.54994551022984     
     9   -47.12671893343        2     0 0  0 1  1
  -47.1267189334273     
    10    1.032487683235        2     0 0  0 0  2
   1.03248768323481     
                                      

 etall    1, NO =    2, NV =    5, INA =   27
 *********************************************

     I   COEFFICIENT             ORDER   EXPONENTS
     1  -0.7212253680294E-01    1     1 0  0 0  0
 -7.212253680293501E-002
     2   0.3839059531302        1     0 1  0 0  0
  0.383905953130182     
     3  -0.8983325111844E-02    1     0 0  1 0  0
 -8.983325111844194E-003
     4   0.1610221944859        1     0 0  0 1  0
  0.161022194485862     
     5  -0.6276869989313E-02    1     0 0  0 0  1
 -6.276869989313238E-003
     6    3.832733777083        2     1 0  0 0  1
   3.83273377708320     
     7    61.78048463633        2     0 1  0 0  1
   61.7804846363314     
     8   0.5416813868677        2     0 0  1 0  1
  0.541681386867671     
     9    3.295988999698        2     0 0  0 1  1
   3.29598899969817     
    10  -0.6062024278775        2     0 0  0 0  2
 -0.606202427877450     
                                      

 etall    1, NO =    2, NV =    5, INA =   28
 *********************************************

     I   COEFFICIENT             ORDER   EXPONENTS
     1  -0.7950701648702E-01    1     1 0  0 0  0
 -7.950701648702287E-002
     2   -1.849307064110        1     0 1  0 0  0
  -1.84930706411028     
     3   0.4234877275804        1     0 0  1 0  0
  0.423487727580416     
     4    10.65407399952        1     0 0  0 1  0
   10.6540739995249     
     5  -0.2749480799099E-02    1     0 0  0 0  1
 -2.749480799098912E-003
     6   -7.628972307772        2     1 0  0 0  1
  -7.62897230777162     
     7   -12.41400618152        2     0 1  0 0  1
  -12.4140061815249     
     8    48.95797542442        2     0 0  1 0  1
   48.9579754244246     
     9   -207.0280285272        2     0 0  0 1  1
  -207.028028527180     
    10  -0.6883778444818E-01    2     0 0  0 0  2
 -6.883778444817593E-002
                                      

 etall    1, NO =    2, NV =    5, INA =   29
 *********************************************

     I   COEFFICIENT             ORDER   EXPONENTS
     1   0.7234486079723E-02    1     1 0  0 0  0
  7.234486079722919E-003
     2   0.9861982649496E-01    1     0 1  0 0  0
  9.861982649496352E-002
     3  -0.8006044847351E-01    1     0 0  1 0  0
 -8.006044847351299E-002
     4   0.3341117824006        1     0 0  0 1  0
  0.334111782400590     
     5   0.4984024165730E-03    1     0 0  0 0  1
  4.984024165730354E-004
     6   0.8986295220668E-01    2     1 0  0 0  1
  8.986295220668204E-002
     7   -6.077981806134        2     0 1  0 0  1
  -6.07798180613384     
     8    2.002113290346        2     0 0  1 0  1
   2.00211329034609     
     9    50.91320173808        2     0 0  0 1  1
   50.9132017380772     
    10  -0.3880289533709E-02    2     0 0  0 0  2
 -3.880289533708723E-003
                                      

 etall    1, NO =    2, NV =    5, INA =   30
 *********************************************

     I   COEFFICIENT             ORDER   EXPONENTS
     1    1.000000000000        1     0 0  0 0  1
   1.00000000000000     
                                      

 etall    1, NO =    2, NV =    5, INA =   42
 *********************************************

     I   COEFFICIENT             ORDER   EXPONENTS
     1  -0.3996802888651E-14    0     0 0  0 0  0
 -3.996802888650564E-015
     2  -0.1034592818471E-01    1     1 0  0 0  0
 -1.034592818471253E-002
     3  -0.3223322502617E-01    1     0 1  0 0  0
 -3.223322502617016E-002
     4  -0.1007906178576E-02    1     0 0  1 0  0
 -1.007906178575829E-003
     5   0.2026317116717E-01    1     0 0  0 1  0
  2.026317116716636E-002
     6   -89.20214540326        1     0 0  0 0  1
  -89.2021454032563     
     7    3.025144934334        2     2 0  0 0  0
   3.02514493433354     
     8    21.48411767131        2     1 1  0 0  0
   21.4841176713121     
     9    376.5080483081        2     0 2  0 0  0
   376.508048308116     
    10  -0.5614474514567E-03    2     1 0  1 0  0
 -5.614474514567452E-004
    11   -3.791423142914        2     0 1  1 0  0
  -3.79142314291403     
    12    2.403271961005        2     0 0  2 0  0
   2.40327196100472     
    13   -4.386703486488        2     1 0  0 1  0
  -4.38670348648776     
    14   -18.51473703492        2     0 1  0 1  0
  -18.5147370349181     
    15    4.606727945064        2     0 0  1 1  0
   4.60672794506364     
    16  -0.4013566472757        2     1 0  0 0  1
 -0.401356647275664     
    17   -7.420199299177        2     0 1  0 0  1
  -7.42019929917719     
    18   0.5098946190683E-01    2     0 0  1 0  1
  5.098946190683452E-002
    19    310.2200395438        2     0 0  0 2  0
   310.220039543771     
    20  -0.1597593576777        2     0 0  0 1  1
 -0.159759357677684     
    21    232.7306475955        2     0 0  0 0  2
   232.730647595459     
                                      
